01;1111;Meembee;2000;0202;0303
01;2222;Meem;2000;0505;0606
02;3333;Flashdog;2000;0808
02;8080;Flas;2000;6161
03;4444;Nocturno;2000;6262
03;9090;Noct;2000;1111;1212
04;5555;Sonny Go;2000;1414;1515
04;1001;Merry Go;2000;1717;1818
05;6666;Movy Dick;2000;2121
05;1002;Movy;2000;2323
06;7777;Thoughtstorm;2000;0101;0202
06;1003;Thought;2000;0404
07;8888;Triller Bark;2000;0606;0707
07;1004;Triller;2000;0909;1010
08;9999;Perla Negra;2000;1212;1313
08;9998;Perla;2000;1515
09;1010;Holandes Volador;2000;1717
09;1006;volador;2000;1919;2020
10;2020;Black and White;2000;2222;2323
10;1007;Black;2000;0101;0202;0303
11;3030;Red Dark;2000;0505;0606
11;1008;Red;0707;2000;0909
12;4040;Dark Pink;2000;1111;1212
12;1009;Dark;2000;1414;1515